55
56
57
58
65
66
73
74
77
78
79
80
91
92
95
96
101
102
103
104
113
114
115
116
117
118
119
120
131
132
145
146
147
148
161
162
163
164
167
168
169
170
177
178
183
184
189
190
195
196
201
202
207
208
209
210
223
224
229
230
247
248
255
256
257
258
259
260
261
262
269
270
271
272
279
280
281
282
289
290
291
292
301
302
309
310
311
312
313
314
315
316
325
326
329
330
333
334
335
336
345
346
347
348
353
354
355
356
361
362
363
364
365
366
371
372
377
378
391
392
395
396
399
400
407
408
419
420
439
440
447
448
453
454
461
462
463
464
471
472
477
478
491
492
493
494
495
496
505
506
507
508
513
514
517
518
519
520
527
528
545
546
549
550
