51
52
53
54
59
60
61
62
63
64
67
68
69
70
71
72
75
76
81
82
83
84
85
86
87
88
89
90
93
94
97
98
99
100
105
106
107
108
109
110
111
112
121
122
123
124
125
126
127
128
129
130
133
134
135
136
137
138
139
140
141
142
143
144
149
150
151
152
153
154
155
156
157
158
159
160
165
166
171
172
173
174
175
176
179
180
181
182
185
186
187
188
191
192
193
194
197
198
199
200
203
204
205
206
211
212
213
214
215
216
217
218
219
220
221
222
225
226
227
228
231
232
233
234
235
236
237
238
239
240
241
242
243
244
245
246
249
250
251
252
253
254
263
264
265
266
267
268
273
274
275
276
277
278
283
284
285
286
287
288
293
294
295
296
297
298
299
300
303
304
305
306
307
308
317
318
319
320
321
322
323
324
327
328
331
332
337
338
339
340
341
342
343
344
349
350
351
352
357
358
359
360
367
368
369
370
373
374
375
376
379
380
381
382
383
384
385
386
387
388
389
390
393
394
397
398
401
402
403
404
405
406
409
410
411
412
413
414
415
416
417
418
421
422
423
424
425
426
427
428
429
430
431
432
433
434
435
436
437
438
441
442
443
444
445
446
449
450
451
452
455
456
457
458
459
460
465
466
467
468
469
470
473
474
475
476
479
480
481
482
483
484
485
486
487
488
489
490
497
498
499
500
501
502
503
504
509
510
511
512
515
516
521
522
523
524
525
526
529
530
531
532
533
534
535
536
537
538
539
540
541
542
543
544
547
548
551
552
553
554
555
556
